35 5 npath, nlev, (ix,iy), (jx,jy), length, elevtn, depth, (width1, width2, ... wodth_nlev), (lon,lat))
       35        4       36        4     33428.79        39.30     -9999.00         0.00       167.41       111.25       111.22         0.00     48.125     -0.875 
       38        7       36        7     33576.40        21.00     -9999.00         0.00         0.00         0.00        55.93       838.91     47.375     -0.125 
       36       10       33       11     33723.18         1.70     -9999.00         0.00         0.00      3091.77       449.20       337.15     46.625     -0.625 
       36       10       34       11     33723.18         1.70     -9999.00         0.00      8888.77      4895.91      2025.29       731.38     46.625     -0.625 
       35       12       35       11     33821.22         1.70     -9999.00         0.00         0.00      1349.79      2027.20       844.14     46.125     -0.875 
       36       15       37       15     33967.57        18.80     -9999.00         0.00         0.00         0.00       112.77         0.00     45.375     -0.625 
       46        5       45        6     33477.90        87.80     -9999.00         0.00         0.00      1061.17      2452.66      1840.58     47.875      1.875 
       43        6       43        7     33526.95        61.50     -9999.00         0.00         0.00       167.29      1005.40      1339.03     47.625      1.125 
       40        7       38        7     33576.40        31.00         3.45       952.37         0.00         0.00      1681.48      2967.60     47.375      0.375 
       45        7       45        8     33576.40        72.70     -9999.00         0.00         0.00         0.00      1402.54       726.86     47.375      1.625 
       45        8       44        8     33624.95        70.60     -9999.00         0.00         0.00         0.00       279.51       615.43     47.125      1.625 
       39        8       38        7     33624.95        27.20         2.97       615.97      1232.17      2185.80      1902.68      1624.04     47.125      0.125 
       54       10       53       11     33723.18       211.10     -9999.00         0.00         0.00         0.00        56.17       225.21     46.625      3.875 
       46       11       46       12     33772.67       209.00     -9999.00         0.00        56.11         0.00         0.00         0.00     46.375      1.875 
       42       12       41       13     33821.22       128.70     -9999.00         0.00        56.32         0.00         0.00         0.00     46.125      0.875 
       52       13       53       13     33870.58       263.60     -9999.00         0.00       112.67       394.89       113.23      1070.72     45.875      3.375 
       59       14       60       13     33919.22       191.30     -9999.00         0.00         0.00         0.00       169.55       113.04     45.625      5.125 
       65       15       65       14     33967.57       476.80     -9999.00         0.00       169.61        56.39       112.78       112.78     45.375      6.625 
       17       27       17       26     34547.16       780.00     -9999.00         0.00        57.39        57.61       172.82       172.60     42.375     -5.375 
        9       28        8       29     34594.75       373.80     -9999.00         0.00        57.58        57.92        57.58       173.76     42.125     -7.375 
        6       33        6       32     34831.36        16.50         0.50        58.00       174.65         0.00         0.00         0.00     40.875     -8.125 
       37       17       36       17     34065.16         0.80     -9999.00         0.00       283.52      4822.06      3402.99      2096.56     44.875     -0.375 
       19       26       19       27     34499.02       835.20     -9999.00         0.00         0.00         0.00       172.51       345.33     42.625     -4.875 
       24       30       24       29     34689.60       771.80     -9999.00         0.00        57.99        57.99       115.55         0.00     41.625     -3.625 
       26       31       27       31     34737.27       869.80     -9999.00         0.00         0.00       115.47        57.74       115.58     41.375     -3.125 
       24       36       24       37     34972.18       468.70     -9999.00         0.00         0.00       583.52      1398.83      1342.58     40.125     -3.625 
       53       18       54       18     34114.16       736.00     -9999.00         0.00         0.00         0.00         0.00        56.71     44.625      3.625 
       58       18       57       19     34114.16        70.90         2.64       454.98       113.58         0.00         0.00       227.37     44.625      4.875 
       55       21       56       22     34258.70         1.00     -9999.00         0.00       285.92      1656.14      1143.20       800.74     43.875      4.125 
       57       22       58       22     34307.57         0.90     -9999.00         0.00         0.00         0.00        57.12       628.98     43.625      4.625 
       59       19       58       20     34162.21        53.80     -9999.00         0.00         0.00        56.93       398.74       341.48     44.375      5.125 
        3       41        3       40     35203.80         0.00     -9999.00         0.00         0.00         0.00      4279.47      8790.13     38.875     -8.875 
       11       40       10       40     35157.12       177.50     -9999.00         0.00       175.85        58.76       410.37       117.09     39.125     -6.875 
        4       41        3       40     35203.80         2.80     -9999.00         0.00         0.00       527.81      1932.24       585.97     38.875     -8.625 
        7       42        8       42     35249.32       172.80     -9999.00         0.00       235.03         0.00         0.00        58.72     38.625     -7.875 
