369 5 npath, nlev, (ix,iy), (jx,jy), length, elevtn, depth, (width1, width2, ... wodth_nlev), (lon,lat))
       91        4       90        4     13351.69       124.80     -9999.00         0.00         0.00         0.00         0.00        55.47     48.450     -0.350 
       91        4       91        3     13351.69       124.80     -9999.00         0.00        55.47        55.47         0.00        55.47     48.450     -0.350 
       90        6       91        7     13367.36        83.10     -9999.00         0.00       111.14         0.00         0.00       167.15     48.250     -0.450 
       87        8       88        8     13383.31        39.30     -9999.00         0.00       167.41       111.25       111.22         0.00     48.050     -0.750 
       90       14       88       15     13430.71        14.80     -9999.00         0.00         0.00         0.00       111.69      1005.78     47.450     -0.450 
       86       15       86       14     13438.10         9.00         1.87       223.29         0.00         0.00         0.00      1397.66     47.350     -0.850 
       85       15       83       15     13438.10         7.40         2.87       560.66         0.00         0.00       335.25      1287.21     47.350     -0.950 
       86       16       88       16     13446.43        11.50     -9999.00         0.00        55.93         0.00         0.00        55.93     47.250     -0.850 
       77       16       75       16     13446.43         0.30     -9999.00         0.00         0.00         0.00       841.70      1345.50     47.250     -1.750 
       93       17       94       17     13454.10        25.20     -9999.00         0.00        55.97         0.00         0.00        55.97     47.150     -0.150 
       93       18       92       18     13462.01        33.90     -9999.00         0.00         0.00       336.17       391.39       224.19     47.050     -0.150 
       73       20       74       20     13477.72         1.00     -9999.00         0.00      1793.28      3028.38       392.43       616.46     46.850     -2.150 
       75       21       75       20     13485.48         1.00     -9999.00         0.00       731.15      2861.44       280.18      1232.41     46.750     -1.950 
       75       20       74       21     13477.72         1.00     -9999.00         0.00      4318.87      6738.86         0.00         0.00     46.850     -1.950 
       74       21       73       19     13485.48         0.80     -9999.00         0.00       841.05       167.92         0.00        56.20     46.750     -2.050 
       75       21       75       22     13485.48         1.00     -9999.00         0.00         0.00         0.00       112.32        56.10     46.750     -1.950 
       74       21       75       22     13485.48         0.80     -9999.00         0.00        56.00         0.00       112.33       168.11     46.750     -2.050 
       85       24       84       24     13508.95         1.70     -9999.00         0.00         0.00      3091.67       449.20       337.15     46.450     -0.950 
       84       24       84       25     13508.95         1.70     -9999.00         0.00      6754.48      6014.20      4609.17       449.84     46.450     -1.050 
       85       24       84       25     13508.95         1.70     -9999.00         0.00      5284.37      2586.33       337.61       337.84     46.450     -0.950 
       82       25       81       25     13516.83         1.20     -9999.00         0.00      1294.32      6758.41      5228.29       899.05     46.350     -1.250 
       83       24       82       25     13508.95         1.70     -9999.00         0.00      1068.13      1684.86       449.79       168.85     46.450     -1.150 
       83       24       84       25     13508.95         1.70     -9999.00         0.00         0.00        56.22       337.29         0.00     46.450     -1.150 
       85       24       83       25     13508.95         1.70     -9999.00         0.00         0.00       450.74       955.94       281.21     46.450     -0.950 
       88       25       87       25     13516.83         1.90     -9999.00         0.00         0.00         0.00         0.00       281.48     46.350     -0.650 
       89       25       88       25     13516.83         1.90     -9999.00         0.00         0.00         0.00        56.46       561.37     46.350     -0.550 
       86       26       87       25     13524.94         1.90     -9999.00         0.00         0.00      1687.22       449.69       169.06     46.250     -0.850 
       85       25       84       26     13516.83         1.60     -9999.00         0.00         0.00         0.00       956.82       225.07     46.350     -0.950 
       85       26       86       25     13524.94         1.70     -9999.00         0.00         0.00      1349.79      2027.54       844.14     46.250     -0.950 
       87       26       86       26     13524.94         1.90     -9999.00         0.00         0.00       112.72       450.65      1124.80     46.250     -0.750 
       85       27       86       27     13532.21         2.50     -9999.00         0.00        56.27       168.71       618.92        56.17     46.150     -0.950 
       93       26       92       27     13524.94        46.80     -9999.00         0.00         0.00         0.00         0.00       168.84     46.250     -0.150 
       84       28       84       27     13540.59         1.50     -9999.00         0.00         0.00       282.10      1072.56       338.20     46.050     -1.050 
       86       28       85       29     13540.59         1.70     -9999.00         0.00      1804.13      4060.34      1071.88       338.02     46.050     -0.850 
       85       30       86       29     13555.45         1.60     -9999.00         0.00       169.07      5361.29      1466.09       395.30     45.850     -0.950 
       88       35       88       36     13595.33         1.00     -9999.00         0.00      2716.62      3904.62      2430.59         0.00     45.350     -0.650 
       88       36       87       35     13602.59         0.10     -9999.00         0.00         0.00         0.00         0.00        56.56     45.250     -0.650 
       85       36       83       35     13602.59         3.00         1.13       113.24         0.00         0.00         0.00         0.00     45.250     -0.950 
       89       37       87       36     13610.53         1.20     -9999.00         0.00       113.18      2492.40      3906.15      1188.80     45.150     -0.550 
       88       37       87       36     13610.53         0.10         4.21      1927.15       566.83      1642.49      1529.69       170.16     45.150     -0.650 
       88       38       87       36     13618.49         0.10         4.07      1696.85        56.51         0.00         0.00         0.00     45.050     -0.650 
      106        5      107        5     13359.73       159.20         1.71       223.12       444.88       278.98       111.28       166.58     48.350      1.150 
       96        5       95        5     13359.73        73.70     -9999.00         0.00        55.64         0.00         0.00         0.00     48.350      0.150 
      115        7      114        8     13375.64       121.50     -9999.00         0.00         0.00       167.33       167.21      1782.30     48.150      2.050 
      113        9      112        9     13390.99       117.90     -9999.00         0.00         0.00         0.00         0.00       334.43     47.950      1.850 
       97        9       96       10     13390.99        40.30     -9999.00         0.00         0.00         0.00         0.00        55.64     47.950      0.250 
       96        9       95       10     13390.99        38.20     -9999.00         0.00         0.00         0.00       111.29       557.80     47.950      0.150 
      112       11      112       10     13407.34        84.80     -9999.00         0.00         0.00       670.22      1841.63      1785.21     47.750      1.750 
      113       10      112       11     13398.48        89.20     -9999.00         0.00         0.00       167.86       557.45         0.00     47.850      1.850 
      111       10      112       10     13398.48        81.10         1.87       223.03        55.90         0.00         0.00       167.57     47.850      1.650 
      119       10      117       10     13398.48       110.40     -9999.00         0.00       613.59        55.79       558.39      2401.72     47.850      2.450 
      111       11      110       11     13407.34        76.70     -9999.00         0.00         0.00         0.00         0.00       783.00     47.750      1.650 
      119       10      118       11     13398.48       110.40     -9999.00         0.00         0.00         0.00         0.00       446.07     47.850      2.450 
      109       12      109       13     13414.44        70.90     -9999.00         0.00        55.95       559.15      1061.33      1005.70     47.650      1.450 
      109       13      108       13     13422.46        65.10         1.56       167.08         0.00         0.00         0.00         0.00     47.550      1.450 
      108       13      107       14     13422.46        65.00     -9999.00         0.00         0.00         0.00         0.00       559.46     47.550      1.350 
      106       13      105       14     13422.46        57.80         1.12       111.54         0.00         0.00       781.94      2346.56     47.550      1.150 
      114       14      115       14     13430.71        97.20     -9999.00         0.00         0.00       335.77        56.13       335.43     47.450      1.950 
      105       13      105       14     13422.46        54.90     -9999.00         0.00         0.00         0.00      1565.32      2459.85     47.550      1.050 
      105       13      104       14     13422.46        54.90     -9999.00         0.00         0.00         0.00       278.95       782.03     47.550      1.050 
      103       15      102       14     13438.10        47.50     -9999.00         0.00         0.00         0.00         0.00       950.66     47.350      0.850 
      102       15      100       15     13438.10        43.50     -9999.00         0.00         0.00         0.00         0.00       167.84     47.350      0.750 
      102       14      102       15     13430.71        47.00     -9999.00         0.00         0.00         0.00         0.00       335.92     47.450      0.750 
       99       15       98       16     13438.10        36.70     -9999.00         0.00         0.00         0.00       111.63      1565.87     47.350      0.450 
      106       15      105       16     13438.10        55.50     -9999.00         0.00         0.00         0.00       167.78         0.00     47.350      1.150 
       96       16       97       16     13446.43        27.20         3.45       952.37         0.00         0.00         0.00         0.00     47.250      0.150 
      114       16      112       16     13446.43        86.00     -9999.00         0.00         0.00        55.94       279.40       111.77     47.250      1.950 
      123       17      123       16     13454.10       150.40     -9999.00         0.00       111.68         0.00         0.00       111.78     47.150      2.850 
       95       16       94       15     13446.43        27.20         2.97       615.97      1232.17      2129.74      1846.83      1232.13     47.250      0.050 
       96       16       96       15     13446.43        27.20     -9999.00         0.00         0.00        56.06        55.85       391.90     47.250      0.150 
       99       17       97       17     13454.10        32.50     -9999.00         0.00         0.00         0.00       111.74       447.74     47.150      0.450 
      108       17      108       18     13454.10       106.80     -9999.00         0.00         0.00       112.41         0.00        56.10     47.150      1.350 
      119       18      119       17     13462.01       125.50     -9999.00         0.00        56.00       168.33         0.00         0.00     47.050      2.450 
      100       19      101       19     13469.74        38.70     -9999.00         0.00         0.00         0.00         0.00        55.80     46.950      0.550 
      120       20      119       20     13477.72       152.80     -9999.00         0.00       336.10       224.09        56.16        56.05     46.850      2.550 
      128       20      127       20     13477.72       179.10     -9999.00         0.00         0.00         0.00       562.29      1458.71     46.850      3.350 
      130       21      131       21     13485.48       194.00     -9999.00         0.00       504.28       168.17       953.81      1122.15     46.750      3.550 
      121       22      122       21     13493.51       186.80     -9999.00         0.00        56.00        56.00         0.00         0.00     46.650      2.650 
      120       21      120       22     13485.48       151.40     -9999.00         0.00       168.55         0.00       112.33        56.11     46.750      2.550 
      131       23      130       21     13501.10       205.50     -9999.00         0.00         0.00        56.14       337.28       955.48     46.550      3.650 
      132       24      132       22     13508.95       210.40     -9999.00         0.00         0.00         0.00         0.00       562.20     46.450      3.750 
      134       23      133       24     13501.10       219.10     -9999.00         0.00       224.81       281.44       955.28      1011.28     46.550      3.950 
      128       24      129       24     13508.95       210.80     -9999.00         0.00         0.00         0.00         0.00       842.73     46.450      3.350 
      128       25      127       24     13516.83       216.90     -9999.00         0.00         0.00         0.00         0.00       730.55     46.350      3.350 
      101       25      102       24     13516.83        73.30     -9999.00         0.00         0.00         0.00         0.00        56.10     46.350      0.650 
      129       25      129       26     13516.83       229.90     -9999.00         0.00        56.24       168.72       224.96       449.58     46.350      3.450 
      135       26      134       26     13524.94       241.30     -9999.00         0.00         0.00         0.00         0.00       112.71     46.250      4.050 
      136       27      136       26     13532.21       252.90         0.50        56.29       112.80         0.00         0.00        56.40     46.150      4.150 
       98       27       97       26     13532.21       104.90     -9999.00         0.00         0.00         0.00         0.00        56.18     46.150      0.350 
      117       28      116       27     13540.59       390.60     -9999.00         0.00         0.00        56.18         0.00         0.00     46.050      2.250 
      126       28      127       28     13540.59       313.80     -9999.00         0.00         0.00       168.91        56.19        56.41     46.050      3.150 
      141       28      141       27     13540.59       166.80         0.50        56.32         0.00         0.00         0.00         0.00     46.050      4.650 
      135       28      136       27     13540.59       263.80     -9999.00         0.00       113.07         0.00       506.96         0.00     46.050      4.050 
      136       29      135       28     13547.90       269.00     -9999.00         0.00         0.00        56.22       112.54       281.41     45.950      4.150 
      129       29      130       29     13547.90       263.60     -9999.00         0.00       112.67       394.89       113.23      1070.72     45.950      3.450 
      142       30      141       29     13555.45       166.30         1.13       112.94         0.00         0.00         0.00         0.00     45.850      4.750 
      134       30      134       29     13555.45       342.50     -9999.00         0.00         0.00         0.00        56.50       169.06     45.850      3.950 
      107       31      107       30     13563.90       205.60         0.50        56.40        56.62         0.00         0.00         0.00     45.750      1.250 
       97       31       96       31     13563.90        31.80     -9999.00         0.00       226.17         0.00         0.00        56.43     45.750      0.250 
      101       32      101       31     13571.51       132.00     -9999.00         0.00       226.54         0.00        56.44       169.22     45.650      0.650 
      135       32      135       33     13571.51       353.90     -9999.00         0.00         0.00         0.00         0.00       169.45     45.650      4.050 
      138       34      137       34     13587.22       361.60     -9999.00         0.00        56.49         0.00         0.00         0.00     45.450      4.350 
      131       34      132       35     13587.22       547.80     -9999.00         0.00        56.51         0.00        56.51       452.64     45.450      3.650 
      142       34      141       35     13587.22       135.80         2.33       340.52       339.42         0.00       226.48       903.84     45.450      4.750 
      110       36      110       37     13602.59        98.20     -9999.00         0.00       169.81       169.81       113.21       113.21     45.250      1.550 
      147       14      147       16     13430.71       236.40     -9999.00         0.00         0.00       503.08       670.34       335.17     47.450      5.250 
      145       15      146       16     13438.10       225.00     -9999.00         0.00         0.00         0.00        55.84       558.29     47.350      5.050 
      147       16      147       17     13446.43       192.30     -9999.00         0.00       223.87      1901.77       558.84       895.69     47.250      5.250 
      146       17      147       17     13454.10       179.10     -9999.00         0.00         0.00       504.30       952.94       168.31     47.150      5.150 
      148       16      148       17     13446.43       181.40     -9999.00         0.00         0.00       223.81      2633.57       784.11     47.250      5.350 
      148       18      147       17     13462.01       182.90     -9999.00         0.00         0.00         0.00         0.00       279.80     47.050      5.350 
      150       17      148       18     13454.10       194.80     -9999.00         0.00         0.00         0.00       336.40      1345.55     47.150      5.550 
      150       17      147       19     13454.10       194.80     -9999.00         0.00         0.00         0.00       112.02      1121.27     47.150      5.550 
      149       18      147       19     13462.01       190.30     -9999.00         0.00         0.00       281.10       729.70      1064.11     47.050      5.450 
      146       18      145       19     13462.01       176.00     -9999.00         0.00         0.00         0.00       112.38       672.93     47.050      5.150 
      145       18      144       18     13462.01       177.40     -9999.00         0.00       336.57       898.15       896.46        56.04     47.050      5.050 
      145       20      145       19     13477.72       175.20         0.50        56.06       167.83      3028.47      5323.79      1177.12     46.850      5.050 
      145       20      144       20     13477.72       175.20     -9999.00         0.00       392.18      1401.33       392.85       898.06     46.850      5.050 
      150       21      149       21     13485.48       199.70     -9999.00         0.00         0.00       168.43       224.21       112.21     46.750      5.550 
      146       25      145       25     13516.83       184.00     -9999.00         0.00       168.63       112.31       505.69         0.00     46.350      5.150 
      173       26      174       25     13524.94       643.70     -9999.00         0.00         0.00       337.57       338.12       112.59     46.250      7.850 
      169       27      169       26     13532.21       492.00     -9999.00         0.00         0.00       112.52         0.00       112.52     46.150      7.450 
      164       28      166       27     13540.59       454.40     -9999.00         0.00         0.00         0.00       168.88       168.88     46.050      6.950 
      153       29      153       31     13547.90       244.30     -9999.00         0.00         0.00         0.00       281.84       394.23     45.950      5.850 
      153       30      153       31     13555.45       232.00     -9999.00         0.00         0.00         0.00       169.49       281.82     45.850      5.850 
      145       30      144       30     13555.45       179.30     -9999.00         0.00       395.32       676.78      1130.67      1355.56     45.850      5.050 
      145       31      144       30     13563.90       177.40     -9999.00         0.00       507.48      2594.65      1129.92       846.41     45.750      5.050 
      159       31      159       32     13563.90       332.90         1.13       113.00       169.33         0.00        56.44       112.88     45.750      6.450 
      147       32      146       32     13571.51       209.00     -9999.00         0.00         0.00         0.00       112.90        56.45     45.650      5.250 
      152       32      151       33     13571.51       208.20         1.57       169.37       169.37        56.46       112.91       282.17     45.650      5.750 
      155       33      154       34     13578.92       279.20     -9999.00         0.00         0.00         0.00       226.00       112.95     45.550      6.050 
      147       35      147       34     13595.33       312.50     -9999.00         0.00        56.54       169.85       169.74       112.87     45.350      5.250 
      151       36      150       35     13602.59       184.80     -9999.00         0.00         0.00         0.00        56.56       225.79     45.250      5.650 
       40       62       40       64     13803.58       797.80     -9999.00         0.00         0.00       172.76       459.00       575.46     42.650     -5.450 
       40       64       39       64     13818.88       773.30     -9999.00         0.00         0.00         0.00        57.61       172.40     42.450     -5.450 
       40       65       39       64     13826.12       754.20     -9999.00         0.00         0.00         0.00       288.02       459.88     42.350     -5.450 
       37       64       37       66     13818.88       822.20     -9999.00         0.00         0.00       344.88       863.97       172.92     42.450     -5.750 
       35       64       36       66     13818.88       795.00     -9999.00         0.00         0.00         0.00       115.28       115.39     42.450     -5.950 
       37       65       36       66     13826.12       784.70     -9999.00         0.00       979.72      1149.82       403.08       230.26     42.350     -5.750 
       43       66       42       66     13834.03       756.30     -9999.00         0.00         0.00       114.97       345.43        57.48     42.250     -5.150 
       39       68       38       69     13849.28       702.50     -9999.00         0.00         0.00         0.00         0.00       115.32     42.050     -5.550 
       35       68       36       68     13849.28       707.50     -9999.00         0.00       229.91        57.88        57.45         0.00     42.050     -5.950 
       34       68       34       69     13849.28       726.00     -9999.00         0.00         0.00       115.35       230.69       864.45     42.050     -6.050 
       37       69       38       69     13856.62       691.70     -9999.00         0.00         0.00         0.00         0.00       691.57     41.950     -5.750 
       41       69       41       70     13856.62       687.20     -9999.00         0.00         0.00       694.13      1961.99       634.04     41.950     -5.350 
       38       69       38       70     13856.62       691.30     -9999.00         0.00         0.00        57.60       577.30      1383.86     41.950     -5.650 
       42       70       42       71     13864.61       710.40     -9999.00         0.00         0.00         0.00         0.00       173.54     41.850     -5.250 
       38       72       37       72     13879.79       635.00     -9999.00         0.00       173.24       347.11       520.45       173.23     41.650     -5.650 
       23       73       22       73     13887.61       217.40     -9999.00         0.00         0.00         0.00         0.00        57.85     41.550     -7.150 
       40       74       41       74     13894.63       644.70     -9999.00         0.00         0.00         0.00         0.00        57.74     41.450     -5.450 
       42       73       42       74     13887.61       647.40         0.50        57.75        57.75       346.72       288.97       751.52     41.550     -5.250 
       44       79       44       77     13932.49       804.10     -9999.00         0.00         0.00         0.00         0.00        57.79     40.950     -5.050 
       43       79       44       78     13932.49       804.30     -9999.00         0.00         0.00       115.79         0.00       116.11     40.950     -5.150 
       39       80       39       79     13939.59       788.30     -9999.00         0.00         0.00         0.00         0.00       289.61     40.850     -5.550 
       31       83       30       82     13962.57       766.20     -9999.00         0.00        58.26        57.93        57.93       174.43     40.550     -6.350 
       38       85       40       85     13977.40      1001.70     -9999.00         0.00       174.67         0.00       116.31         0.00     40.350     -5.650 
       42       88       42       89     13999.97       286.30     -9999.00         0.00         0.00       174.47       232.63       290.79     40.050     -5.250 
       37       88       38       88     13999.97       235.90     -9999.00         0.00         0.00         0.00         0.00       524.49     40.050     -5.750 
       94       39       93       38     13626.04         9.70     -9999.00         0.00       169.95       169.73       339.68         0.00     44.950     -0.050 
       89       39       89       38     13626.04         0.10     -9999.00         0.00         0.00         0.00       850.80      1078.84     44.950     -0.550 
       90       39       89       39     13626.04         0.80     -9999.00         0.00       283.52      4822.06      2781.00      1474.34     44.950     -0.450 
       89       40       88       40     13633.82         0.10     -9999.00         0.00         0.00      1135.11      2156.24      2779.21     44.850     -0.550 
       87       39       87       40     13626.04        12.00     -9999.00         0.00         0.00         0.00         0.00       113.82     44.950     -0.750 
       85       40       84       40     13633.82        29.20     -9999.00         0.00         0.00         0.00         0.00        56.69     44.850     -0.950 
       86       41       86       40     13641.20        27.40     -9999.00         0.00        56.70       113.18         0.00        57.03     44.750     -0.850 
       94       40       94       41     13633.82         5.30     -9999.00         0.00         0.00      1984.30      2719.94       567.57     44.850     -0.050 
       85       44       84       43     13664.55        17.50     -9999.00         0.00         0.00       683.02       340.91       456.36     44.450     -0.950 
       94       54       94       53     13741.73       141.10     -9999.00         0.00         0.00       399.80       228.31       342.91     43.450     -0.050 
       80       53       79       53     13734.28         1.40     -9999.00         0.00         0.00         0.00         0.00       285.78     43.550     -1.450 
       94       56       95       56     13757.34       260.60     -9999.00         0.00       286.43        57.12        57.11         0.00     43.250     -0.050 
       92       58       93       58     13772.81       261.30     -9999.00         0.00       114.53         0.00         0.00       114.75     43.050     -0.250 
       74       58       73       58     13772.81        97.60     -9999.00         0.00        57.51         0.00         0.00         0.00     43.050     -2.050 
       73       59       72       58     13780.58       152.70     -9999.00         0.00        57.53         0.00        57.20         0.00     42.950     -2.150 
       89       59       88       59     13780.58       403.40     -9999.00         0.00         0.00         0.00       114.54         0.00     42.950     -0.550 
       94       59       93       59     13780.58       423.00     -9999.00         0.00         0.00         0.00         0.00       287.16     42.950     -0.050 
       52       58       53       59     13772.81       844.40     -9999.00         0.00         0.00       114.65         0.00       343.85     43.050     -4.250 
       63       59       62       58     13780.58       645.50     -9999.00         0.00         0.00         0.00         0.00        57.23     42.950     -3.150 
       69       59       68       59     13780.58       511.20     -9999.00         0.00       114.61       401.27       344.68       172.39     42.950     -2.550 
       49       60       49       59     13787.94       985.10     -9999.00         0.00        57.48         0.00        57.48        57.48     42.850     -4.550 
       60       61       60       60     13795.97       532.80     -9999.00         0.00        57.72         0.00         0.00        57.28     42.750     -3.450 
       47       61       48       60     13795.97      1004.30     -9999.00         0.00        57.30         0.00         0.00         0.00     42.750     -4.750 
       59       61       59       62     13795.97       589.40     -9999.00         0.00         0.00         0.00        57.31         0.00     42.750     -3.550 
       45       62       44       62     13803.58       916.20     -9999.00         0.00         0.00        57.65       115.30       114.98     42.650     -4.950 
       61       63       62       62     13811.22       645.00     -9999.00         0.00       171.69         0.00       172.88         0.00     42.550     -3.350 
       78       62       79       62     13803.58       479.60     -9999.00         0.00         0.00        57.35        57.35        57.35     42.650     -1.650 
       51       63       52       65     13811.22       819.70     -9999.00         0.00         0.00       230.13       114.74       344.75     42.550     -4.350 
       47       64       47       65     13818.88       858.50     -9999.00         0.00         0.00        57.42       287.08       287.08     42.450     -4.750 
       59       66       60       65     13834.03       920.20     -9999.00         0.00        57.56         0.00       115.12        57.56     42.250     -3.550 
       48       65       49       67     13826.12       794.80     -9999.00         0.00       287.51       402.70       287.62       402.69     42.350     -4.650 
       76       65       77       67     13826.12       272.90     -9999.00         0.00         0.00         0.00         0.00       114.94     42.350     -1.850 
       48       66       49       66     13834.03       783.50     -9999.00         0.00        57.91       172.66       230.26       459.97     42.250     -4.650 
       83       66       83       67     13834.03       386.50     -9999.00         0.00         0.00         0.00       230.84        57.50     42.250     -1.150 
       55       66       55       67     13834.03       778.90     -9999.00         0.00         0.00       230.84       115.42         0.00     42.250     -3.950 
       86       66       85       66     13834.03       470.10     -9999.00         0.00       115.00         0.00         0.00       115.00     42.250     -0.850 
       47       67       47       68     13841.98       738.50     -9999.00         0.00      1440.86       922.84       230.58      1267.96     42.150     -4.750 
       54       68       53       68     13849.28       762.50     -9999.00         0.00         0.00         0.00         0.00       230.68     42.050     -4.050 
       71       69       70       68     13856.62      1064.40     -9999.00         0.00         0.00         0.00         0.00        57.54     41.950     -2.350 
       79       69       79       68     13856.62       242.60     -9999.00         0.00         0.00       288.57       980.36      1673.57     41.950     -1.550 
       47       69       48       68     13856.62       744.50     -9999.00         0.00         0.00         0.00         0.00        57.57     41.950     -4.750 
       57       69       58       69     13856.62       854.10     -9999.00         0.00         0.00         0.00        57.89       115.77     41.950     -3.750 
       50       70       49       69     13864.61       706.30     -9999.00         0.00        57.83        57.72        57.73       346.54     41.850     -4.450 
       59       70       59       69     13864.61       919.90     -9999.00         0.00        57.82         0.00       115.53       115.65     41.850     -3.550 
       82       71       82       70     13871.97       222.00     -9999.00         0.00       231.37       345.78         0.00       461.70     41.750     -1.250 
       63       70       64       70     13864.61      1000.00     -9999.00         0.00        57.75         0.00         0.00         0.00     41.850     -3.150 
       48       70       48       71     13864.61       701.70     -9999.00         0.00       288.67       403.87       403.02       172.73     41.850     -4.650 
       84       72       85       72     13879.79       202.20     -9999.00         0.00         0.00       288.78      1212.46       404.64     41.650     -1.050 
       87       72       87       73     13879.79       179.60     -9999.00         0.00         0.00       115.61       579.03       867.22     41.650     -0.750 
       87       73       88       72     13887.61       175.30     -9999.00         0.00         0.00       230.96       462.54       404.80     41.550     -0.750 
       45       73       46       74     13887.61       673.10     -9999.00         0.00         0.00         0.00         0.00       173.53     41.550     -4.950 
       92       73       91       73     13887.61       264.90     -9999.00         0.00         0.00        57.85       173.22       115.48     41.550     -0.250 
       63       75       64       75     13902.29       942.60     -9999.00         0.00         0.00         0.00        57.75        57.75     41.350     -3.150 
       83       75       83       74     13902.29       475.50     -9999.00         0.00        57.77         0.00       115.53         0.00     41.350     -1.150 
       71       74       70       75     13894.63       988.00     -9999.00         0.00         0.00        57.98        57.98       174.18     41.450     -2.350 
       76       75       76       74     13902.29       582.20     -9999.00         0.00        57.91         0.00         0.00         0.00     41.350     -1.850 
       46       81       46       80     13947.39       905.00     -9999.00         0.00        57.98       173.82        57.98       174.58     40.750     -4.850 
       63       81       62       81     13947.39       648.70     -9999.00         0.00        58.24         0.00        58.24         0.00     40.750     -3.150 
       56       84       57       83     13970.17       596.80     -9999.00         0.00        58.31         0.00         0.00       116.30     40.450     -3.850 
       47       86       47       87     13985.04       405.80     -9999.00         0.00       174.70       116.59       116.59         0.00     40.250     -4.750 
       62       87       63       88     13992.50       541.80     -9999.00         0.00         0.00         0.00        58.25         0.00     40.150     -3.250 
       59       88       58       88     13999.97       489.50     -9999.00         0.00         0.00         0.00        58.37       116.53     40.050     -3.550 
      101       39      101       40     13626.04        61.40     -9999.00         0.00         0.00         0.00       114.04         0.00     44.950      0.650 
      110       39      111       40     13626.04        99.30     -9999.00         0.00        56.70       170.09       454.45       340.95     44.950      1.550 
       97       41       98       40     13641.20        14.90     -9999.00         0.00         0.00         0.00         0.00        56.70     44.750      0.250 
      143       41      142       40     13641.20        87.60         2.13       283.54       226.81         0.00       170.19       738.89     44.750      4.850 
      117       42      117       41     13649.25       240.30     -9999.00         0.00        56.76         0.00        56.98         0.00     44.650      2.250 
      141       42      142       44     13649.25        70.90         3.08       682.27       624.17       113.38       227.19      1080.11     44.650      4.650 
      128       43      128       42     13657.11       645.00     -9999.00         0.00        56.69        56.91         0.00         0.00     44.550      3.350 
      129       43      129       44     13657.11       657.90     -9999.00         0.00       113.64        56.82         0.00         0.00     44.550      3.450 
       95       44       95       43     13664.55        19.80     -9999.00         0.00         0.00         0.00       567.60       453.73     44.450      0.050 
       98       43       97       44     13657.11        30.90     -9999.00         0.00         0.00         0.00       567.55      1023.41     44.550      0.350 
       97       44       96       43     13664.55        18.70     -9999.00         0.00         0.00         0.00       113.67       283.85     44.450      0.250 
      141       44      141       45     13664.55        51.20         2.13       284.09       113.68         0.00         0.00       454.49     44.450      4.650 
      141       46      141       45     13680.59        40.60         1.14       113.55         0.00         0.00       398.59       398.81     44.250      4.650 
      141       44      141       46     13664.55        51.20     -9999.00         0.00         0.00         0.00       342.01       341.56     44.450      4.650 
      141       46      142       45     13680.59        40.60     -9999.00         0.00         0.00      1992.46      2675.64       682.73     44.250      4.650 
       98       46       97       46     13680.59        27.90         1.14       113.77        56.89         0.00       113.99      1251.99     44.250      0.350 
      140       46      140       45     13680.59        50.90     -9999.00         0.00        56.89        56.89         0.00       113.77     44.250      4.550 
      142       45      142       46     13672.45        36.60     -9999.00         0.00         0.00         0.00       170.62       626.41     44.350      4.750 
      101       47      101       46     13687.67        38.80         1.14       113.62         0.00         0.00         0.00         0.00     44.150      0.650 
      144       46      142       48     13680.59        61.30     -9999.00         0.00         0.00         0.00        56.93        56.93     44.250      4.950 
      102       47      101       48     13687.67        45.30     -9999.00         0.00         0.00         0.00         0.00      1365.85     44.150      0.750 
      143       47      142       48     13687.67        31.60     -9999.00         0.00        57.27       682.63       854.85       341.41     44.150      4.850 
      143       47      141       47     13687.67        31.60     -9999.00         0.00       967.13       171.26         0.00         0.00     44.150      4.850 
      104       47      103       47     13687.67        55.70     -9999.00         0.00         0.00       685.86      1025.65       171.38     44.150      0.950 
      107       47      106       48     13687.67        71.10     -9999.00         0.00         0.00         0.00      2278.80       683.78     44.150      1.250 
      105       48      103       47     13695.63        55.40         1.14       114.13        56.95         0.00         0.00         0.00     44.050      1.050 
      143       48      142       49     13695.63        19.00         1.58       170.85       455.91      1996.24      1197.28       513.21     44.050      4.850 
      107       49      106       48     13703.84        86.50     -9999.00         0.00       569.31      1197.34       798.19       684.68     43.950      1.250 
      108       48      107       47     13695.63        77.40     -9999.00         0.00         0.00         0.00        57.19       684.68     44.050      1.350 
      139       48      138       48     13695.63        52.20     -9999.00         0.00         0.00        57.10        57.10       114.20     44.050      4.450 
      108       50      109       49     13711.42        87.40     -9999.00         0.00       114.35         0.00         0.00       114.02     43.850      1.350 
      143       50      142       50     13711.42        15.70     -9999.00         0.00         0.00         0.00         0.00      1026.39     43.850      4.850 
      115       50      115       49     13711.42       140.60     -9999.00         0.00       114.25         0.00         0.00         0.00     43.850      2.050 
      141       50      142       51     13711.42         6.70     -9999.00         0.00         0.00         0.00         0.00       398.73     43.850      4.650 
      123       51      122       51     13719.02       411.00     -9999.00         0.00        56.94         0.00         0.00        56.94     43.750      2.850 
      139       51      141       51     13719.02         1.80     -9999.00         0.00         0.00         0.00         0.00      1998.54     43.750      4.450 
      106       51      107       51     13719.02       101.10     -9999.00         0.00         0.00         0.00        56.94       114.10     43.750      1.150 
      124       51      124       50     13719.02       414.20     -9999.00         0.00         0.00         0.00         0.00        56.94     43.750      2.950 
      102       51      101       51     13719.02        97.30     -9999.00         0.00        56.94        57.27       228.32         0.00     43.750      0.750 
      142       51      141       51     13719.02         3.20     -9999.00         0.00         0.00         0.00         0.00      1999.56     43.750      4.750 
      136       51      137       52     13719.02         2.30     -9999.00         0.00         0.00         0.00         0.00      1427.85     43.750      4.150 
      139       52      141       51     13726.86         1.30         0.50        56.98       171.38         0.00         0.00         0.00     43.650      4.450 
      139       52      140       51     13726.86         1.30         1.59       228.34         0.00       799.65      4054.36      5881.42     43.650      4.450 
      141       51      142       52     13719.02         1.00     -9999.00         0.00         0.00         0.00         0.00       399.85     43.750      4.650 
      140       52      141       51     13726.86         1.30     -9999.00         0.00         0.00         0.00         0.00       114.30     43.650      4.550 
      144       52      141       52     13726.86        29.00     -9999.00         0.00         0.00         0.00         0.00       114.44     43.650      4.950 
      139       52      138       53     13726.86         1.30         1.34       285.69      6863.43      5541.92       628.28         0.00     43.650      4.450 
      142       53      141       52     13734.28         1.00     -9999.00         0.00         0.00         0.00       171.69       514.86     43.550      4.750 
      142       53      142       54     13734.28         1.00     -9999.00         0.00         0.00         0.00       114.06      3943.06     43.550      4.750 
      138       53      137       53     13734.28         0.70     -9999.00         0.00        57.12      6867.14       627.85       457.67     43.550      4.350 
      138       53      138       54     13734.28         0.70     -9999.00         0.00      2286.61      6867.14        57.24         0.00     43.550      4.350 
      128       53      129       53     13734.28        18.80     -9999.00         0.00         0.00       514.60       171.57        57.04     43.550      3.350 
      106       54      106       53     13741.73       180.10     -9999.00         0.00         0.00       343.26       228.62       114.31     43.450      1.150 
      143       54      142       54     13741.73         0.00     -9999.00         0.00        57.18      4802.71      2747.87       400.74     43.450      4.850 
      107       54      107       55     13741.73       179.60     -9999.00         0.00         0.00        57.07       343.53       343.32     43.450      1.250 
      111       55      111       54     13750.28       167.50     -9999.00         0.00       171.55      1314.15      1315.89       742.85     43.350      1.650 
      112       55      111       55     13750.28       172.90     -9999.00         0.00         0.00         0.00         0.00        57.51     43.350      1.750 
      124       56      124       57     13757.34         9.90     -9999.00         0.00       286.20      1087.17      1316.75       228.85     43.250      2.950 
      125       56      125       57     13757.34         3.00     -9999.00         0.00         0.00         0.00         0.00       629.33     43.250      3.050 
      111       57      110       57     13764.63       229.80     -9999.00         0.00         0.00       229.42       172.07         0.00     43.150      1.650 
      123       57      123       56     13764.63        26.90     -9999.00         0.00         0.00         0.00         0.00       114.29     43.150      2.850 
      124       57      124       58     13764.63         1.30     -9999.00         0.00         0.00       229.11        57.28        57.28     43.150      2.950 
      124       58      125       57     13772.81         0.00     -9999.00         0.00         0.00       573.10      2865.36       686.81     43.050      2.950 
      116       57      116       58     13764.63       162.60     -9999.00         0.00       114.58       228.72        57.29       114.47     43.150      2.150 
      123       59      122       59     13780.58        85.60     -9999.00         0.00         0.00         0.00         0.00        57.21     42.950      2.850 
      115       59      114       59     13780.58       369.00     -9999.00         0.00        57.33        57.33        57.23         0.00     42.950      2.050 
      125       60      125       59     13787.94         0.00     -9999.00         0.00         0.00       344.72       517.41       114.69     42.850      3.050 
      123       60      124       61     13787.94        47.40     -9999.00         0.00         0.00         0.00        57.50         0.00     42.850      2.850 
      124       66      126       66     13834.03        13.20     -9999.00         0.00       750.10       402.92       517.45       287.36     42.250      2.950 
      124       67      125       67     13841.98         4.00     -9999.00         0.00         0.00         0.00       345.33      1266.14     42.150      2.950 
      125       68      126       67     13849.28         6.20     -9999.00         0.00         0.00         0.00         0.00       692.19     42.050      3.050 
      122       70      123       70     13864.61        95.90     -9999.00         0.00         0.00        57.60       173.34         0.00     41.850      2.750 
      104       71      102       72     13871.97       230.90     -9999.00         0.00         0.00       289.37       115.54       346.82     41.750      0.950 
      104       71      103       72     13871.97       230.90     -9999.00         0.00       346.65      1789.96       692.91       462.25     41.750      0.950 
      109       74      108       73     13894.63       560.90     -9999.00         0.00         0.00         0.00         0.00        57.96     41.450      1.450 
      101       76      100       75     13910.19        43.80     -9999.00         0.00         0.00         0.00        57.93         0.00     41.250      0.650 
       99       81      100       80     13947.39         2.40     -9999.00         0.00         0.00         0.00        57.89      1160.05     40.750      0.450 
      102       81      101       81     13947.39         0.00     -9999.00         0.00       348.48      6973.70      1799.50       929.43     40.750      0.750 
      102       82      101       81     13955.38         0.30     -9999.00         0.00       464.83      4299.65      1162.07       290.32     40.650      0.750 
      102       82      103       81     13955.38         0.30     -9999.00         0.00         0.00       116.26         0.00         0.00     40.650      0.750 
      102       82      100       81     13955.38         0.30     -9999.00         0.00         0.00      2206.02       929.70       348.12     40.650      0.750 
      146       39      145       39     13626.04       186.80     -9999.00         0.00         0.00        56.99        56.99        56.66     44.950      5.150 
      146       41      146       42     13641.20       212.90     -9999.00         0.00         0.00         0.00         0.00        56.97     44.750      5.150 
      161       44      162       43     13664.55      1280.20     -9999.00         0.00         0.00         0.00         0.00        56.83     44.450      6.650 
      154       46      153       47     13680.59       446.50     -9999.00         0.00       170.79         0.00        56.93        56.93     44.250      5.950 
      146       47      145       47     13687.67        65.50     -9999.00         0.00         0.00         0.00        56.95       227.49     44.150      5.150 
      145       48      144       47     13695.63        27.70     -9999.00         0.00         0.00         0.00       284.74       742.15     44.050      5.050 
      146       49      144       49     13703.84        52.90     -9999.00         0.00         0.00       285.57       569.64       570.62     43.950      5.150 
      154       49      152       50     13703.84       349.00     -9999.00         0.00         0.00         0.00         0.00       286.16     43.950      5.950 
      146       50      145       50     13711.42        80.10     -9999.00         0.00         0.00       227.71       342.87        56.93     43.850      5.150 
      146       51      145       50     13719.02        83.20     -9999.00         0.00         0.00        57.38       515.59       171.61     43.750      5.150 
      155       52      156       51     13726.86       363.50     -9999.00         0.00       344.15         0.00        57.20         0.00     43.650      6.050 
      147       53      144       54     13734.28        10.60     -9999.00         0.00         0.00       285.98       457.65       286.73     43.550      5.250 
       25       92       25       91     14029.64       123.80     -9999.00         0.00        58.39         0.00         0.00         0.00     39.650     -6.950 
       32       95       31       94     14051.98       378.40     -9999.00         0.00         0.00         0.00        58.41         0.00     39.350     -6.250 
       39       95       40       95     14051.98       348.20     -9999.00         0.00         0.00         0.00        58.65         0.00     39.350     -5.550 
       20       97       20       96     14066.81       264.00     -9999.00         0.00         0.00       116.95        58.47        58.57     39.150     -7.450 
        6       97        7       97     14066.81         1.80     -9999.00         0.00         0.00         0.00         0.00        58.40     39.150     -8.850 
       36       97       37       98     14066.81       252.30     -9999.00         0.00         0.00         0.00       527.57       819.99     39.150     -5.850 
       38       97       35       98     14066.81       263.60     -9999.00         0.00         0.00         0.00       643.47       820.56     39.150     -5.650 
        6       97        7       98     14066.81         1.80     -9999.00         0.00         0.00         0.00         0.00       878.12     39.150     -8.850 
       26       98       25       98     14074.24       177.50     -9999.00         0.00       175.85        58.76       410.37       117.09     39.050     -6.850 
        6       99        6       98     14081.06         0.80     -9999.00         0.00         0.00         0.00      4045.28      3396.52     38.950     -8.850 
        6       99        5       98     14081.06         0.80     -9999.00         0.00         0.00       879.57      7040.53       234.47     38.950     -8.850 
       12       98       12       99     14074.24        30.30     -9999.00         0.00       175.64       292.73         0.00        58.55     39.050     -8.250 
        7       99        6       98     14081.06         1.40     -9999.00         0.00         0.00         0.00       469.67      1348.36     38.950     -8.750 
        6       99        5       99     14081.06         0.80     -9999.00         0.00       117.12      7040.53       410.47         0.00     38.950     -8.850 
        8       99        6       98     14081.06         3.10     -9999.00         0.00         0.00        58.76       352.04       704.07     38.950     -8.650 
       28       99       28       98     14081.06       177.60     -9999.00         0.00        58.77       175.60       234.67       351.95     38.950     -6.650 
        5      100        5       99     14088.57         0.00     -9999.00         0.00         0.00      1055.10      4455.96         0.00     38.850     -8.950 
       20      100       19      100     14088.57       264.10     -9999.00         0.00         0.00         0.00        58.57        58.57     38.850     -7.450 
       30       99       29      100     14081.06       197.00     -9999.00         0.00         0.00         0.00       410.36       293.44     38.950     -6.450 
        3      100        5       99     14088.57         0.00         2.17       293.10       176.11       762.53       879.97       117.30     38.850     -9.150 
        3      101        2      100     14095.81         1.70     -9999.00         0.00       175.82       410.00       292.82        58.71     38.750     -9.150 
        5      101        5      100     14095.81         0.00         3.43      5335.95       235.21        58.51      2698.92      1642.39     38.750     -8.950 
        6      101        6      102     14095.81         0.90     -9999.00         0.00         0.00         0.00         0.00       117.30     38.750     -8.850 
       18      102       17      101     14103.34       212.70     -9999.00         0.00         0.00         0.00         0.00       234.93     38.650     -7.650 
       22      109       21      109     14154.46       134.60     -9999.00         0.00        58.75         0.00         0.00         0.00     37.950     -7.250 
       15      115       14      115     14197.60       275.50     -9999.00         0.00         0.00         0.00       118.13         0.00     37.350     -7.950 
       67       89       68       89     14007.04       822.20     -9999.00         0.00       116.61         0.00        58.31       174.70     39.950     -2.750 
       50       91       51       90     14022.32       401.10     -9999.00         0.00        58.34        58.34         0.00         0.00     39.750     -4.450 
       76       91       75       90     14022.32       931.20     -9999.00         0.00         0.00         0.00         0.00        58.35     39.750     -1.850 
       65       92       64       93     14029.64       677.30     -9999.00         0.00         0.00         0.00         0.00       292.33     39.650     -2.950 
       65       93       64       93     14036.79       681.20     -9999.00         0.00         0.00         0.00         0.00        58.46     39.550     -2.950 
       91       95       91       94     14051.98         0.30     -9999.00         0.00       175.05      1402.56       760.20       292.46     39.350     -0.350 
       57       94       58       95     14044.79       727.30     -9999.00         0.00         0.00         0.00        58.28         0.00     39.450     -3.750 
       70       94       70       95     14044.79       696.90     -9999.00         0.00       233.73      1110.54       409.58        58.62     39.450     -2.450 
       82       94       81       94     14044.79       482.10     -9999.00         0.00         0.00        58.41         0.00        58.41     39.450     -1.250 
       70       97       69       96     14066.81       710.30     -9999.00         0.00         0.00         0.00       117.21       350.50     39.150     -2.450 
       79       95       78       96     14051.98       642.70     -9999.00         0.00         0.00         0.00        58.44         0.00     39.350     -1.550 
       50       96       50       95     14059.17       590.50     -9999.00         0.00       233.91       116.90       175.35         0.00     39.250     -4.450 
       89       96       91       96     14059.17        38.50     -9999.00         0.00         0.00         0.00       175.38       643.84     39.250     -0.550 
       66       96       64       96     14059.17       664.80     -9999.00         0.00        58.66       469.03      1581.10      1287.87     39.250     -2.850 
       89       96       89       97     14059.17        38.50     -9999.00         0.00         0.00        58.46       585.10       292.64     39.250     -0.550 
       65       97       64       97     14066.81       656.20     -9999.00         0.00         0.00         0.00      1347.10      1171.70     39.150     -2.950 
       49       97       48       96     14066.81       436.40     -9999.00         0.00        58.49         0.00         0.00         0.00     39.150     -4.550 
       67       98       64       96     14074.24       736.10     -9999.00         0.00         0.00        58.59         0.00       175.67     39.050     -2.750 
       89       97       89       98     14066.81        17.00     -9999.00         0.00         0.00         0.00         0.00       701.80     39.150     -0.550 
       63       97       61       97     14066.81       652.60     -9999.00         0.00         0.00         0.00       409.29       819.59     39.150     -3.150 
       61       97       61       98     14066.81       643.30     -9999.00         0.00         0.00         0.00         0.00      1230.48     39.150     -3.350 
       61       98       60       97     14074.24       643.20     -9999.00         0.00         0.00         0.00         0.00      2107.16     39.050     -3.350 
       74       98       75       98     14074.24       682.30     -9999.00         0.00         0.00         0.00      1230.45      2811.14     39.050     -2.050 
       61       98       60       98     14074.24       643.20     -9999.00         0.00         0.00         0.00         0.00      1464.23     39.050     -3.350 
       57       99       56       99     14081.06       614.40     -9999.00         0.00         0.00         0.00      1113.97      1055.06     38.950     -3.750 
       74       99       75       98     14081.06       678.80     -9999.00         0.00         0.00         0.00       703.00      1172.55     38.950     -2.050 
       72       99       73       99     14081.06       713.00     -9999.00         0.00       175.63       116.97       292.83       117.20     38.950     -2.250 
       73       99       75       99     14081.06       706.10     -9999.00         0.00         0.00         0.00         0.00        58.56     38.950     -2.150 
       60      102       61      101     14103.34       688.10     -9999.00         0.00        58.53       176.16       234.36       117.39     38.650     -3.450 
      123       91      125       91     14022.32        67.40     -9999.00         0.00       116.97        58.37        58.48       174.76     39.750      2.850 
